<?xml version="1.0"?>
<opencv_storage>
<vocabulary type_id="opencv-matrix">
  <rows>3</rows>
  <cols>3</cols>
  <dt>d</dt>
  <data>
    9.6278984722661287e-001 2.4215155232610953e-002
    3.7433204274249113e+002 -1.0198452952448256e-001
    1.1077593116020255e+000 2.7528397724079940e+002
    -2.0986297817309098e-004 2.7700542084371097e-005 1.</data></vocabulary>
</opencv_storage>
